1.16668540834915	1.50308255140733	1.13001886439017	1.17234534852531	1.14724472342549	1.13395619948973	1.13710604839630	1.19153989907676	1.12137544968055	1.09145452136619	1.12938121579164	1.14351047914094	1.12106637968405	1.09252294106561	1.10558277812896	1.18794226296373
1.20229944626237	1.25184478550791	1.15913998780976	1.23621048356992	1.12985320900743	1.12214615943142	1.12798148532675	1.16431475327989	1.10205910215933	1.05330829521246	1.09053584339584	1.12915363137114	1.07886476021096	1.09834738623990	1.10677328239430	1.17461098306691
1.09389568542503	1.49880038852323	1.10858983554677	1.14124340661858	1.06940548315482	1.13308003781698	1.08309491612450	1.13471272116384	1.11491728638844	1.08665794483407	1.12334275114861	1.10774679536403	1.11265860208714	1.06674871784843	1.17190877756873	1.10749323142460
1.12128988982575	2.19159895215301	1.13751112757439	1.23570723823909	1.04221158947298	1.07755063753356	1.12273822404009	1.08276456401286	1.10373262415957	1.09676364217134	1.02430364823386	1.08109842364715	1.17234199323689	1.17357990293438	1.13253053743860	1.11306329780370
1.18087755939004	4.77350355574294	1.11364510481633	1.39320567515401	1.15228939957018	1.12801101186488	1.06365173870087	1.08433867361039	1.08851548043800	1.10317497522359	1.12994610256407	1.12161362722592	1.10109953760291	1.13993858288339	1.12258622947450	1.12994011097760
1.27612648056895	11.6746070046535	1.12823811695845	1.30213197902389	1.12009353777202	1.06622505319091	1.11637846656417	1.12380860897986	1.04424824954603	1.06059785104322	1.08333208708335	1.11497207345512	1.09297820577198	1.16617813667221	1.19710081031174	1.15237908163647
1.21997280490800	12.8438830311944	1.11645688444789	1.16459597438247	1.08683285122632	1.14321952770193	1.06646629842856	1.10484293703159	1.07090663919548	1.10330688599133	1.07683864533010	1.11911341009083	1.09078710656607	1.10889622131252	1.13648517623988	1.23000665114031
1.52871417486651	14.8333676531406	1.12737628716054	1.45812710292702	1.10317497522359	1.07494017520741	1.02048729524832	1.13947689519632	1.07067958203460	1.03642496319249	1.02143410970873	1.07929869486950	1.10677328239430	1.14661416886534	1.14503114378715	1.11436922399081
1.42354011880022	12.1123906583402	1.06866324542286	1.90746311052109	1.10495749616491	1.10899016938838	1.09790027009113	1.09124634968586	1.00784979313209	1.07459985309589	1.07583004563001	1.10306439450369	1.17763937053255	1.11035438172867	1.11829126856170	1.17421040956184
1.61651517060108	8.32071409357267	1.18867342824390	2.48854538085112	1.07888762410493	1.19674591666192	1.09442716311131	1.03327808611281	1.11236985555196	1.14490417008666	1.04876044141791	1.11140588118789	1.17852161965716	1.11280839174890	1.14994788757751	1.20650788866655
2.10188764692089	4.71711429090197	1.17640189222929	1.75790180010265	1.15704336393932	1.16760255247336	1.11460356692084	1.10566886524337	1.11041985778562	1.10335127166390	1.07536183909686	1.07735377796849	1.16103093249984	1.11887561600699	1.12190630424183	1.22416408740852
2.35068722058836	3.95363202302610	1.23578987419969	1.31414611648373	1.06564487588980	1.09698739197649	1.11713613862288	1.10370362488106	1.09252294106561	1.06624671876759	1.12446145224169	1.16989828874538	1.14890832335854	1.12994011097760	1.16409172246511	1.27363383679915
2.05184788195980	6.13084968173651	1.33796645938653	1.31202528660394	1.14989286084737	1.09551614593549	1.07256817802278	1.12918982055342	1.14838600081639	1.11817484005340	1.13848023073647	1.14309006150148	1.16547716898786	1.13779201314813	1.16138664100542	1.35462172765910
2.39684923078575	14.5712421201051	1.30100373932515	2.42937434224364	1.13487559645045	1.02003696760920	1.08833966332461	1.13087249769779	1.12406035147701	1.05876255620827	1.18714495056893	1.15372757205386	1.06947071954831	1.13651446311455	1.11767921602056	1.23341274821705
2.51250702932925	28.1787325235009	1.22236852877505	3.46630590605538	1.15961864366971	1.08933872441904	1.07511536919581	1.12196866467382	1.11061964124489	1.09008843965092	1.10977128053336	1.15388038147520	1.13867680270540	1.15872949223749	1.20073506700128	1.20662244779986
2.79040030891661	49.1518438172675	1.08039865428009	5.68657392841195	1.09299071620453	1.16098784100995	1.06780664028835	1.14335896390227	1.16489152735988	1.14977719926214	1.13862728823481	1.11887561600699	1.12612232001130	1.30844174270230	1.20127306353363	1.10377528425524
3.03478245364381	82.0983197290768	1.12698831995340	6.65769615926845	1.20026781912196	1.15983774400376	1.17752591385115	1.15225714086862	1.13593327922691	1.21100910395201	1.07560202981528	1.14158900132620	1.17449565701053	1.29185032077516	1.16695584459608	1.18424521444799
2.93406987666152	109.011392546313	1.18432507031247	5.88087441500546	1.10314151820474	1.18687202182203	1.15885569901491	1.24290457157089	1.18554807294282	1.16818531813982	1.15423402887504	1.07652626797788	1.11729407684224	1.20491882406919	1.18080273645820	1.18043446958738
3.36884719192077	140.295814641980	1.37685818269526	4.78594760151521	1.22131889869080	1.18554807294282	1.14211204285873	1.07057034343007	1.12258622947450	1.16982595831351	1.12702791235680	1.20663361611704	1.18842806079476	1.20336441480798	1.14084475042118	1.15541350862127
2.96793341267152	204.127116252308	1.40996059549275	2.26055032098606	1.20716461447640	1.20812576081165	1.16199207883509	1.28309297005721	1.10746279416533	1.17699903770328	1.10278302960304	1.15531716391082	1.27678991695565	1.23466604430860	1.17111438906813	1.10991373649329
3.64206511675349	266.305771220713	1.72164901113898	1.18264306422578	1.18746231292110	1.21155855639770	1.17332585966803	1.32143734995869	1.09009802618927	1.26098991170223	1.16865237428837	1.17232866794858	1.36180933065447	1.20710771837128	1.15405476060784	1.13740150550833
3.79794793435982	304.729271171918	2.23817998994180	2.47881336677885	1.21476347996711	1.40031208016954	1.15967875126518	1.49018721934211	1.13050030034625	1.24233273455815	1.17579113387083	1.22114998388503	1.15651811750297	1.17897065311360	1.11922672297416	1.10807153935073
3.62108838078957	387.191994444793	2.79509013934417	7.34389271359814	1.16537435336402	1.68267268662929	1.11015709076937	1.38462874308787	1.24642882273283	1.08635980349130	1.27917011063057	1.28566513416265	1.28147802180631	1.14476430249210	1.18012046252363	1.15510812944204
3.89072170720143	447.965930161685	4.29551980799314	14.8115348393018	1.19886257639752	2.03272733948444	1.13576455615190	1.28428764446674	1.16696615012481	1.16409172246511	1.31485930700448	1.27948962995387	1.18957106376256	1.12775984456003	1.17366857841415	NaN
4.04937258982443	496.512008481402	4.98002807705353	25.8162088519411	1.25740603227174	2.00718180313967	1.19030548846576	1.28366279389690	1.10437650400804	1.43723688547174	1.23587854967945	1.29318102816391	1.12282920028905	1.08716555203985	1.08027470033919	NaN
3.98802626979932	549.246173101822	6.00979494969656	40.5201000470316	1.17741729837161	2.62362464330887	1.36732331578422	1.68870271511857	1.15991333385868	2.03232154131597	1.15944599011398	1.21295330186265	1.10670306100087	1.11907976134121	1.14868486114954	NaN
4.08553296455838	604.690074404959	6.81490877354238	63.7345089688777	1.31033441296928	2.95117724608280	1.99475012400187	2.89852989475706	1.33381045534715	3.06626742569043	1.20833431595351	1.14084475042118	1.15989804333000	1.20382869086041	1.19255549694985	NaN
3.75554974291780	657.150952700595	7.58818143750910	99.5302223290802	1.34942198925656	2.73689711937944	2.60601115259526	5.36256206564593	2.13481615991266	2.67316715452560	1.27488837914069	1.20917558262666	1.14254396434421	1.19581209196098	1.11955309667238	NaN
3.81279920784516	665.169469387020	8.54902594059759	121.768607518875	1.67798304793250	2.25195282579515	2.85813519396539	7.00477395230160	2.03832103668059	2.53453449782932	1.16975338821818	1.20664459270346	1.18593388317883	1.12534020227979	1.16059555986055	NaN
3.89506747676750	708.697278592665	9.43016336228276	125.678891707970	1.48481142416272	1.55300651098512	2.91983631177493	7.64788759668743	2.38246908772775	1.83258241978416	1.14183652574647	1.12797070047110	1.11860757639464	1.12918301411119	1.07980371370992	NaN
3.98583958040105	713.527746413820	8.69682088339184	127.998738123957	1.65133218371565	1.23849912580357	3.11862526355791	6.62582393900507	2.31134162262132	1.19070170009588	1.20372295134237	1.17140040343988	1.16115086009463	1.13326060026685	1.07157985385131	NaN
4.40325212768425	773.875633742084	9.03136892699985	116.772490594168	1.60916191222297	1.82566731414147	2.67706024775066	7.63704057233935	1.66347880713553	1.14183652574647	1.15711722821732	1.10991373649329	1.15635979582207	1.08948688436928	NaN	NaN
4.22585131815861	674.293887220512	8.70695869563258	111.526566598545	1.38832003968060	2.63217128191383	2.78248561491987	6.30443433000738	1.25522250643113	1.21540956471939	1.16558698278469	1.14510400147863	1.11894094826586	1.12026475334700	NaN	NaN
3.80672618373138	645.298742898053	7.66037655539188	83.5619550172778	1.34027264498537	3.00608193959445	2.12918584214001	3.73340709215942	1.13890874900084	1.26787405282604	1.16175481201086	1.11542671503650	1.14760565659447	1.10702938676640	NaN	NaN
3.92323315784216	570.045777158615	5.96097214784666	50.6770467307316	1.36434822947182	2.56181270511597	1.89051319999225	2.04652236817407	1.11022990052816	1.17043149200857	1.09471686830033	1.09461616171493	1.09964525973479	1.04801235589755	NaN	NaN
4.18089203506296	521.197420473433	5.34955505040889	35.6792825990716	1.23537420189672	2.38407258006533	1.35272747561328	1.46959375318153	1.19209304233971	1.14179118142006	1.14260886520886	1.06344792889549	1.11267830242346	1.13251136436189	NaN	NaN
3.62874294406811	465.781944646561	4.45650438958005	21.1108313599444	1.26155896861885	2.35795424805398	1.23289819077096	1.24747145464407	1.15928910641384	1.21314268392780	1.09845691244059	1.17424592768644	1.09532082021655	1.10584856490480	NaN	NaN
4.19727581256937	423.977177232278	3.56652175655293	11.1849842886223	1.24406789800000	2.01289025119990	1.16849366914594	1.27604159177184	1.20554602334092	1.22607396551185	1.13485450606607	1.05957319389138	1.11319971424446	NaN	NaN	NaN
3.66300518420821	367.761084962230	2.64002984672851	4.71785796661469	1.22003574053229	1.74166623047917	1.17608357122328	1.49823866530845	1.16981618004439	1.15990906784911	1.10472444741755	1.15827029705039	1.12801729104750	NaN	NaN	NaN
3.50656006819480	289.987316913894	2.01505781545415	1.72728412218081	1.27091140370504	1.40955628323773	1.12713149490370	1.25293889713012	1.15987752813793	1.10457048761160	1.08486133168138	1.08854553423573	1.09461026599385	NaN	NaN	NaN
3.17743119885222	214.451021752431	1.75276772948783	1.35590862456758	1.07929049837920	1.24334262844092	1.20304911356156	1.15412129118401	1.14070526628815	1.14281842693725	1.12805453474900	1.04362819224537	1.02112307447187	NaN	NaN	NaN
3.20831356109798	193.127738754176	1.43644364735574	2.90361339638208	1.15564157236868	1.13302376483685	1.18039310367439	1.10901902486882	1.12210330760498	1.10762068445200	1.11821414486065	1.06988600838975	1.09148821804850	NaN	NaN	NaN
3.09853533032431	133.109507650729	1.22666296242825	5.48555514780812	1.18330894517976	1.11445262687448	1.11604653267370	1.11461200307459	1.11488287071575	1.11798262995943	1.11228793858173	1.08830222789234	NaN	NaN	NaN	NaN
3.05259496089363	97.3020988575339	1.15424658724028	7.38832099833443	1.07710634941360	1.19868953938025	1.19868953938025	1.19710229622519	1.10762068445200	1.14579341738427	1.08561962686508	1.11157695296480	NaN	NaN	NaN	NaN
2.59962110165815	67.6938301230892	1.18348509782200	6.58503245139098	1.18854271579346	1.14081134133503	1.14808167615638	1.15061050910846	1.12301858235421	1.13600676004338	1.09949877742876	1.10420131001964	NaN	NaN	NaN	NaN
2.54315864359685	42.1459301693539	1.26654334543730	4.79171376053632	1.09028486782177	1.15323429672292	1.14568039209709	1.09532082021655	1.12322852754414	1.10360090512261	1.10934487130743	1.07609425062701	NaN	NaN	NaN	NaN
2.44201917806171	25.3679160035179	1.14629484127281	3.29697662629392	1.13325738877650	1.13576455615190	1.08311322641275	1.12322852754414	1.08082928158290	1.13308833017265	1.11108233551849	1.11766622626109	NaN	NaN	NaN	NaN
2.24454966948492	11.3318548015232	1.27856937020469	1.91997627523488	1.06110521858554	1.13351004199479	1.07109209077992	1.11228793858173	1.10809622468699	1.10488070799270	1	NaN	NaN	NaN	NaN	NaN
2.02064604832344	5.19658917675985	1.33111400177198	1.26992772900467	1.11384023880450	1.12045835348903	1.05640004969661	1.10135324534042	1.08158431734356	1.09489167882719	1.08805916121241	NaN	NaN	NaN	NaN	NaN
2.00641727670603	4.25244020540501	1.20437287071000	1.61901749677461	1.06366985725836	1.17302258952724	1.08382363683739	1.12413110013005	1.07586364644693	1.06464643792036	1.06093309228941	NaN	NaN	NaN	NaN	NaN
1.97092863071446	6.58910677812360	1.15659059173291	2.32136554678643	1.01336531210797	1.18077148434317	1.03345409495696	1.09473489099243	1.12727294427710	1.10420849992340	1.06893315441018	NaN	NaN	NaN	NaN	NaN
1.62715881653801	11.5896611676365	1.08848288620760	2.15052106670563	1.05967706403443	1.08342330299577	1.10197507615067	1.09307023654016	1.12929292377341	1.07658699869834	NaN	NaN	NaN	NaN	NaN	NaN
1.52525252380002	15.4383837230549	1.01777775604829	2.04444443805342	1.15111111814124	1.11111109513355	1.09494948565346	1.10707070474670	1.12843243609086	1.07064622088113	NaN	NaN	NaN	NaN	NaN	NaN
1.35654133609886	17.6754103086348	1.07796587844231	1.33046691043316	1.12321755095772	1.11833910538808	1.11228314531256	1.08805916121241	1.00723836371595	1.13560388576911	NaN	NaN	NaN	NaN	NaN	NaN
1.17152057069813	17.9303245119925	1.11647931694764	1.34607043958305	1.13516304880296	1.06093309228941	1.09796392470579	1.09240929265343	1.10790468565070	1.09606478352542	NaN	NaN	NaN	NaN	NaN	NaN
1.30090653182625	13.3523857634537	1.10048154140800	1.42153264973646	1.07264472653153	1.08948956860002	1.05408686592478	1.06522158228883	1.10665201268414	NaN	NaN	NaN	NaN	NaN	NaN	NaN
1.21525747428842	8.13604582518717	1.12350461984870	1.37629315212475	1.08230944310457	1.09930604007518	1.04918042766315	1.10621989946789	1.08462411278984	NaN	NaN	NaN	NaN	NaN	NaN	NaN
1.10377480492832	3.62295794749913	1.14903999446282	1.05676860416359	1.10551576822588	1.05328667756848	1.05564942374359	1.12516385790679	1.06528653108617	NaN	NaN	NaN	NaN	NaN	NaN	NaN
1.12900767632472	1.98352433552347	1.16331904747388	1.07154970418819	1.19599653695889	1.15133731251367	1.11295937972796	1.10613342889195	1.14401056091411	NaN	NaN	NaN	NaN	NaN	NaN	NaN
1.16258716320334	2.87605976784855	1.11459752740168	1.14710662934052	1.15175077991283	1.17651961492026	1.14865471148642	1.08982869239425	NaN	NaN	NaN	NaN	NaN	NaN	NaN	NaN
1.22948097330974	3.81348493293354	1.17100951233855	1.12893376411402	1.16893536890054	1.11253805136736	1.12676083139829	1.13634147402997	NaN	NaN	NaN	NaN	NaN	NaN	NaN	NaN